globals <-
structure(c("-30", "30", "-30", "30", "0", "nobody", "43491", 
"NEITHER", "169", "32", "56", "12", "0", "0", "0", "0.5103774003430749", 
"0.39856426102364295", "0.09105833863328135", "0.5103774003430749", 
"0.39856426102364295", "0.09105833863328135", "3", "2", "-6.490548599589812", 
"6.148342707968867", "-0.3534505533722311", "-3.2077120253613014", 
"3.8422492369819974", "1.4638560406266878", "-1.363635575482637", 
"1.6668745091820396", "-0.4210400508223767", "-1.9750767237974922", 
"2.3281529204614726", "0.5740183358338209", "47.11538462", "FALSE", 
"100", "TRUE", "0", "15", "105", "FALSE", "3", "2.1", "0", "1", 
"2", "3", "4", "5", "6", "7", "8", "9", "10", "11", "12", "13", 
"14", "15", "16", "17", "18", "19", "20", "21", "22", "23", "24", 
"25", "26", "27", "28", "29", "30", "31", "32", "33", "34", "35", 
"36", "37", "38", "39", "40", "41", "42", "43", "44", "45", "46", 
"47", "48", "49", "50", "51", "52", "53", "54", "55", "56", "57", 
"58", "59", "60", "61", "62", "63", "64", "65", "66", "67", "68", 
"69", "70", "71", "72", "73", "74", "75", "76", "77", "78", "79", 
"80", "81", "82", "83", "84", "85", "86", "87", "88", "89", "90", 
"91", "92", "93", "94", "95", "96", "97", "98", "99", "100", 
"101", "102", "103", "104", "105", "106", "107", "108", "109", 
"110", "111", "112", "113", "114", "115", "116", "117", "118", 
"119", "120", "121", "122", "123", "124", "125", "126", "127", 
"128", "129", "130", "131", "132", "133", "134", "135", "136", 
"137", "138", "139", "140", "141", "142", "143", "144", "145", 
"146", "147", "148", "149", "150", "151", "152", "153", "154", 
"155", "156", "157", "158", "159", "160", "161", "162", "163", 
"164", "165", "166", "167", "168", "169", "170", "171", "172", 
"173", "174", "175", "176", "177", "178", "179", "180", "181", 
"182", "183", "184", "185", "186", "187", "188", "189", "190", 
"191", "192", "193", "194", "195", "196", "197", "198", "199", 
"200", "201", "202", "203", "204", "205", "206", "207", "26.25", 
"0", "0", "169", "FALSE", "63.46153846", "FALSE", "0", "10", 
"208", "2", "10", "208", "10", "3", "90", "100", "65", "5.804166291551492", 
"-6.851958194715188", "0.2002010907754047", "2.4451495801940832", 
"-4.230737047006924", "-0.3302196863752762", "-1.3636355754826364", 
"1.66687450918204", "-0.42104005082237683", "0.8943238621794526", 
"-2.3605891928209366", "-0.8613954875990637", "42.30769231", 
"10", "FALSE", "FALSE", "FALSE", "FALSE", "TRUE", "FALSE", "1.56", 
"1", "0.51", "51", "1", "7.5", "75", "20", "30", "30", "20", 
"0", "0", "0.35", "48.75", "0.25", "0.375", "0.375", "0.24022444928672324", 
"0.37553980454458535", "0.3842357461686911", "1", "1", "2", "2"
), .Names = c("min-pxcor", "max-pxcor", "min-pycor", "max-pycor", 
"perspective", "subject", "nextIndex", "directed-links", "ticks", 
"a1", "a2", "a3", "a4", "a5", "a6", "act.sal1", "act.sal2", "act.sal3", 
"act.sal.monitor1", "act.sal.monitor2", "act.sal.monitor3", "adapt-act-step", 
"adapt-cand-step", "blueact1", "blueact2", "blueact3", "bluecand1", 
"bluecand2", "bluecand3", "bluedist1", "bluedist2", "bluedist3", 
"bluevote1", "bluevote2", "bluevote3", "bluewinner", "both?", 
"burnin", "change-activists?", "change-counter", "color-list1", 
"color-list2", "conflict-extension?", "dimensions", "discipline", 
"district-number-list1", "district-number-list2", "district-number-list3", 
"district-number-list4", "district-number-list5", "district-number-list6", 
"district-number-list7", "district-number-list8", "district-number-list9", 
"district-number-list10", "district-number-list11", "district-number-list12", 
"district-number-list13", "district-number-list14", "district-number-list15", 
"district-number-list16", "district-number-list17", "district-number-list18", 
"district-number-list19", "district-number-list20", "district-number-list21", 
"district-number-list22", "district-number-list23", "district-number-list24", 
"district-number-list25", "district-number-list26", "district-number-list27", 
"district-number-list28", "district-number-list29", "district-number-list30", 
"district-number-list31", "district-number-list32", "district-number-list33", 
"district-number-list34", "district-number-list35", "district-number-list36", 
"district-number-list37", "district-number-list38", "district-number-list39", 
"district-number-list40", "district-number-list41", "district-number-list42", 
"district-number-list43", "district-number-list44", "district-number-list45", 
"district-number-list46", "district-number-list47", "district-number-list48", 
"district-number-list49", "district-number-list50", "district-number-list51", 
"district-number-list52", "district-number-list53", "district-number-list54", 
"district-number-list55", "district-number-list56", "district-number-list57", 
"district-number-list58", "district-number-list59", "district-number-list60", 
"district-number-list61", "district-number-list62", "district-number-list63", 
"district-number-list64", "district-number-list65", "district-number-list66", 
"district-number-list67", "district-number-list68", "district-number-list69", 
"district-number-list70", "district-number-list71", "district-number-list72", 
"district-number-list73", "district-number-list74", "district-number-list75", 
"district-number-list76", "district-number-list77", "district-number-list78", 
"district-number-list79", "district-number-list80", "district-number-list81", 
"district-number-list82", "district-number-list83", "district-number-list84", 
"district-number-list85", "district-number-list86", "district-number-list87", 
"district-number-list88", "district-number-list89", "district-number-list90", 
"district-number-list91", "district-number-list92", "district-number-list93", 
"district-number-list94", "district-number-list95", "district-number-list96", 
"district-number-list97", "district-number-list98", "district-number-list99", 
"district-number-list100", "district-number-list101", "district-number-list102", 
"district-number-list103", "district-number-list104", "district-number-list105", 
"district-number-list106", "district-number-list107", "district-number-list108", 
"district-number-list109", "district-number-list110", "district-number-list111", 
"district-number-list112", "district-number-list113", "district-number-list114", 
"district-number-list115", "district-number-list116", "district-number-list117", 
"district-number-list118", "district-number-list119", "district-number-list120", 
"district-number-list121", "district-number-list122", "district-number-list123", 
"district-number-list124", "district-number-list125", "district-number-list126", 
"district-number-list127", "district-number-list128", "district-number-list129", 
"district-number-list130", "district-number-list131", "district-number-list132", 
"district-number-list133", "district-number-list134", "district-number-list135", 
"district-number-list136", "district-number-list137", "district-number-list138", 
"district-number-list139", "district-number-list140", "district-number-list141", 
"district-number-list142", "district-number-list143", "district-number-list144", 
"district-number-list145", "district-number-list146", "district-number-list147", 
"district-number-list148", "district-number-list149", "district-number-list150", 
"district-number-list151", "district-number-list152", "district-number-list153", 
"district-number-list154", "district-number-list155", "district-number-list156", 
"district-number-list157", "district-number-list158", "district-number-list159", 
"district-number-list160", "district-number-list161", "district-number-list162", 
"district-number-list163", "district-number-list164", "district-number-list165", 
"district-number-list166", "district-number-list167", "district-number-list168", 
"district-number-list169", "district-number-list170", "district-number-list171", 
"district-number-list172", "district-number-list173", "district-number-list174", 
